0,[-7.4900e-06 -5.7000e-06 -3.4600e-05  2.2300e-06  2.1500e-06  1.1403e-04	
  5.7556e-03  5.7613e-03  5.7959e-03 -4.6775e-02 -4.6777e-02 -4.6891e-02	
  1.2589e-03  7.6846e-04  1.3987e-03  1.2999e-03  7.9135e-04  2.1165e-03	
  1.6833e+00  1.6833e+00  1.6831e+00  1.6839e+00  1.6839e+00  1.6837e+00	
  1.0466e-02  5.3348e-02 -1.6501e+00 -5.6800e-03 -5.2459e-01  1.0143e+00	
 -2.6750e-03 -2.6721e-03 -2.6414e-03 -1.9088e-03 -1.9185e-03 -1.9592e-03	
 -7.9340e-01  2.8415e+01  1.2969e+01 -8.1373e-01  1.1968e+01  1.2762e+01	
 -1.5018e+00 -1.5018e+00 -1.5018e+00 -1.4957e+00 -1.4957e+00 -1.4957e+00],9	
1,[-2.6400e-06  9.1000e-05  1.3900e-05  1.5400e-05  5.2700e-05 -4.8100e-05	
 -3.3025e-02 -3.3116e-02 -3.3130e-02 -1.1568e-02 -1.1621e-02 -1.1573e-02	
  2.5533e-03  1.3626e-03  4.7696e-03  2.4584e-03  1.7802e-03  4.2993e-03	
  1.7217e+00  1.7216e+00  1.7210e+00  1.7229e+00  1.7228e+00  1.7219e+00	
 -1.8126e-02  4.3733e-01  7.0828e-01 -1.9291e-02  4.4131e-01  4.3941e-01	
 -5.3919e-03 -5.5250e-03 -5.6518e-03  8.4023e-03  8.3023e-03  8.1039e-03	
 -6.3636e-01  1.2425e+00  8.8505e+00 -6.5796e-01  4.3695e+00  6.1308e+00	
 -1.5044e+00 -1.5045e+00 -1.5043e+00 -1.4952e+00 -1.4954e+00 -1.4951e+00],10	
10,[ 5.9500e-06  7.1600e-06  7.6500e-05 -3.5400e-06 -4.7300e-05 -2.0977e-04	
  2.3848e-02  2.3841e-02  2.3764e-02  2.7599e-02  2.7646e-02  2.7856e-02	
  1.4155e-03  7.5790e-04  4.8297e-03  1.3302e-03  9.6240e-04  2.9588e-03	
  2.0263e+00  2.0263e+00  2.0264e+00  2.0253e+00  2.0252e+00  2.0249e+00	
  4.1787e-03  8.1697e-02 -2.4100e+00  3.0221e-03 -9.3673e-01 -1.8319e+00	
  5.6342e-04  5.4562e-04  7.4063e-04  6.4435e-04  7.0740e-04  8.8950e-04	
 -8.0455e-01  5.4294e+00  2.4906e+01 -7.7782e-01  1.3540e+01  1.4693e+01	
 -1.5004e+00 -1.5004e+00 -1.4999e+00 -1.5005e+00 -1.5005e+00 -1.5004e+00],5	
11,[ 2.6500e-06  4.8600e-05 -2.9852e-04  1.9900e-05  2.0300e-05  2.4481e-04	
  9.4388e-03  9.3902e-03  9.6888e-03 -3.0486e-02 -3.0506e-02 -3.0751e-02	
  2.5768e-03  1.5058e-03  4.9023e-03  2.5743e-03  1.5909e-03  4.3260e-03	
  1.8772e+00  1.8771e+00  1.8764e+00  1.8706e+00  1.8705e+00  1.8698e+00	
  1.5644e-03 -1.3346e-02 -1.6015e+00 -2.1515e-02 -9.5048e-02  8.7549e-02	
 -1.1873e-02 -1.1892e-02 -1.1668e-02 -9.1195e-03 -9.1162e-03 -9.2508e-03	
 -6.4474e-01  7.1875e-01  1.9231e+01 -6.2118e-01  2.4157e+00  3.7247e+00	
 -1.4987e+00 -1.4988e+00 -1.4989e+00 -1.5024e+00 -1.5024e+00 -1.5021e+00],6	
12,[ 2.2000e-07 -2.4700e-06 -1.1000e-05 -7.4900e-08  1.1900e-06  1.0500e-05	
  2.5898e-02  2.5901e-02  2.5912e-02  2.3255e-02  2.3253e-02  2.3243e-02	
  7.9428e-04  2.3693e-04  5.6527e-04  7.8478e-04  2.4226e-04  4.6667e-04	
  1.3680e+00  1.3680e+00  1.3680e+00  1.3665e+00  1.3665e+00  1.3665e+00	
 -5.7201e-03 -3.8670e-02  5.9354e-03 -2.1783e-04  2.0520e-01 -1.5868e-02	
  7.3114e-03  7.3150e-03  7.2887e-03 -1.6436e-03 -1.6497e-03 -1.6680e-03	
 -5.8825e-01  2.9897e+00  7.1172e+00 -5.1112e-01  3.9872e+00  3.7067e+00	
 -1.4975e+00 -1.4975e+00 -1.4974e+00 -1.4970e+00 -1.4970e+00 -1.4971e+00],5	
13,[-9.6900e-06 -1.1800e-05  1.0229e-04 -1.4700e-06 -9.3100e-05  1.4101e-04	
  8.1922e-03  8.2040e-03  8.1017e-03 -3.9120e-02 -3.9027e-02 -3.9168e-02	
  2.2961e-03  1.1213e-03  2.0191e-03  2.2171e-03  1.3364e-03  3.6156e-03	
  1.4006e+00  1.4005e+00  1.4002e+00  1.4044e+00  1.4044e+00  1.4043e+00	
  1.7329e-02 -1.0042e-01  8.5008e-02  6.9017e-03 -2.9023e-01  2.4705e+00	
  8.1294e-03  8.1395e-03  8.0029e-03 -9.3628e-03 -9.2242e-03 -9.4495e-03	
 -7.0149e-01  1.8020e-01  2.1017e+00 -7.1036e-01  1.2663e+00  2.3366e+01	
 -1.5051e+00 -1.5051e+00 -1.5048e+00 -1.4944e+00 -1.4944e+00 -1.4939e+00],9	
14,[-1.2600e-05  1.7700e-06  1.3117e-04 -1.4700e-05  3.7100e-06  1.7000e-05	
  2.8056e-02  2.8054e-02  2.7923e-02 -3.1049e-02 -3.1053e-02 -3.1070e-02	
  2.2432e-03  1.3491e-03  4.5834e-03  2.1842e-03  1.2328e-03  2.9089e-03	
  1.3261e+00  1.3260e+00  1.3254e+00  1.3290e+00  1.3289e+00  1.3282e+00	
 -1.9420e-03 -3.1791e-01  7.4647e-01  9.3191e-03  8.8090e-03  2.5038e-01	
  6.0945e-03  6.0355e-03  6.7072e-03 -1.5956e-02 -1.5954e-02 -1.6502e-02	
 -6.8530e-01  2.5058e+00  5.4159e+00 -7.2245e-01 -1.5110e-01  4.7437e+00	
 -1.5020e+00 -1.5021e+00 -1.5016e+00 -1.4912e+00 -1.4913e+00 -1.4915e+00],1	
2,[ 2.3100e-06 -5.5600e-06 -7.2100e-06  2.3300e-06 -2.2800e-06  8.7600e-06	
  4.3169e-04  4.3725e-04  4.4446e-04 -5.4079e-02 -5.4077e-02 -5.4085e-02	
  7.8012e-04  2.5466e-04  6.2466e-04  7.8399e-04  2.3059e-04  5.8023e-04	
  1.0614e+00  1.0614e+00  1.0614e+00  1.0606e+00  1.0606e+00  1.0606e+00	
 -4.7336e-03 -5.0369e-01 -1.6628e-01 -6.0453e-03 -1.4446e-01 -9.7039e-02	
 -2.6204e-03 -2.6238e-03 -2.6132e-03  1.9474e-03  1.9500e-03  1.9522e-03	
 -6.5085e-01  8.3856e+00  1.2258e+01 -6.0072e-01  5.9494e+00  7.7089e+00	
 -1.4996e+00 -1.4996e+00 -1.4996e+00 -1.4957e+00 -1.4957e+00 -1.4957e+00],9	
3,[-5.5600e-08  1.3900e-05  5.0700e-05 -2.7300e-07  1.1600e-06  2.0600e-05	
  4.9948e-02  4.9934e-02  4.9883e-02  1.1162e-01  1.1162e-01  1.1160e-01	
  1.2150e-03  7.4552e-04  1.0780e-03  1.1811e-03  6.2040e-04  1.4373e-03	
  1.5196e+00  1.5196e+00  1.5194e+00  1.5191e+00  1.5191e+00  1.5189e+00	
  3.9062e-03  3.9274e-01  1.6805e-01 -2.2455e-04  6.1203e-02  5.2092e-01	
  8.1486e-03  8.1325e-03  8.0973e-03  7.1510e-03  7.1480e-03  7.1064e-03	
 -7.5997e-01  1.0961e+01  4.8582e+00 -7.6939e-01  1.8161e+00  6.5875e+00	
 -1.5004e+00 -1.5005e+00 -1.5005e+00 -1.4991e+00 -1.4991e+00 -1.4991e+00],7	
4,[-4.3600e-07  9.5400e-07 -1.9200e-06 -2.1800e-06  2.3900e-06 -5.4900e-06	
  1.4424e-02  1.4423e-02  1.4425e-02  2.1383e-02  2.1381e-02  2.1386e-02	
  7.6709e-04  2.4773e-04  6.1097e-04  7.5955e-04  2.4322e-04  6.4721e-04	
  8.5602e-01  8.5601e-01  8.5603e-01  8.5749e-01  8.5749e-01  8.5749e-01	
 -1.3012e-03  4.8587e-02  1.3209e-01 -5.4705e-03  2.9863e-01 -1.9752e-01	
  7.8893e-04  7.9198e-04  8.2830e-04 -1.7564e-03 -1.7546e-03 -1.7103e-03	
 -6.2165e-01  2.4602e+00  1.2723e+01 -5.5838e-01  4.4621e+00  6.1091e+00	
 -1.4969e+00 -1.4968e+00 -1.4968e+00 -1.4966e+00 -1.4966e+00 -1.4965e+00],3	
5,[-2.7800e-05 -6.7200e-05  1.3721e-04 -7.1000e-06  9.4100e-07 -4.6677e-04	
 -5.1283e-02 -5.1216e-02 -5.1353e-02 -1.9029e-01 -1.9029e-01 -1.8982e-01	
  2.6214e-03  1.6064e-03  4.6494e-03  2.7092e-03  1.6636e-03  3.9912e-03	
  1.9116e+00  1.9115e+00  1.9108e+00  1.9117e+00  1.9115e+00  1.9107e+00	
  2.1229e-02 -3.5660e-01  1.9135e-01  1.9752e-02  1.0517e-01 -2.8331e-01	
  4.2429e-03  4.3342e-03  4.5425e-03 -1.9571e-02 -1.9579e-02 -1.9511e-02	
 -6.0571e-01  2.9760e+00  4.7041e+00 -6.0580e-01  1.3304e+00  2.7466e+00	
 -1.5052e+00 -1.5053e+00 -1.5047e+00 -1.4985e+00 -1.4985e+00 -1.4983e+00],11	
6,[-3.4200e-06 -2.2800e-05  1.3012e-04 -2.3500e-06  1.0300e-05 -9.5500e-06	
 -1.9673e-02 -1.9650e-02 -1.9780e-02 -2.2089e-02 -2.2099e-02 -2.2089e-02	
  7.9043e-04  3.9758e-04  2.0358e-03  7.8465e-04  4.8380e-04  1.6369e-03	
  1.0770e+00  1.0770e+00  1.0767e+00  1.0781e+00  1.0781e+00  1.0780e+00	
  8.5037e-03 -1.0417e+00  9.0592e-01  5.0608e-03  4.2854e-01 -1.8681e-01	
 -1.4212e-03 -1.3761e-03 -1.6615e-03  4.1297e-04  3.9062e-04  3.5717e-04	
 -6.2725e-01  8.6995e+00  8.0141e+00 -6.1962e-01  7.5881e+00  9.3310e+00	
 -1.4985e+00 -1.4985e+00 -1.4989e+00 -1.4989e+00 -1.4989e+00 -1.4989e+00],2	
7,[ 4.4300e-06  8.2000e-06  2.7716e-04 -4.3800e-06  5.9500e-05 -4.6073e-04	
  6.5236e-03  6.5154e-03  6.2383e-03  4.4676e-03  4.4081e-03  4.8688e-03	
  2.8433e-03  1.8708e-03  5.7154e-03  2.8263e-03  1.6662e-03  3.9796e-03	
  2.1045e+00  2.1044e+00  2.1039e+00  2.1023e+00  2.1022e+00  2.1014e+00	
 -1.4272e-03  1.2037e-01  6.4734e-01  3.7919e-03  2.7120e-01 -5.2743e-01	
  2.6038e-03  2.6247e-03  3.3604e-03 -3.1045e-03 -3.1533e-03 -3.0796e-03	
 -5.4989e-01  5.1328e+00  5.9353e+00 -5.5483e-01  9.2019e-01  3.2007e+00	
 -1.5062e+00 -1.5062e+00 -1.5062e+00 -1.4985e+00 -1.4985e+00 -1.4981e+00],3	
8,[ 5.3800e-06  5.8000e-05  2.4000e-04  4.7000e-07  2.0300e-05  1.9339e-04	
 -2.3834e-02 -2.3892e-02 -2.4132e-02 -2.0638e-02 -2.0658e-02 -2.0852e-02	
  2.1666e-03  1.1808e-03  3.0335e-03  2.1630e-03  1.2518e-03  3.3228e-03	
  1.2884e+00  1.2884e+00  1.2879e+00  1.2917e+00  1.2916e+00  1.2908e+00	
 -1.5812e-02  5.5203e-01  1.8192e-01 -1.8195e-03  1.8360e-02  2.6430e-01	
  9.0656e-03  8.9322e-03  8.4303e-03 -8.3810e-04 -8.7370e-04 -1.0134e-03	
 -6.9771e-01  1.9712e+00  3.4826e+00 -7.0696e-01  1.7222e+00  1.7254e+00	
 -1.5000e+00 -1.5000e+00 -1.4997e+00 -1.5005e+00 -1.5005e+00 -1.5005e+00],2	
9,[-3.1300e-06  1.6900e-06 -1.3500e-05 -5.2500e-06  7.9200e-06  4.5300e-05	
 -2.2650e-02 -2.2652e-02 -2.2638e-02 -3.6368e-02 -3.6376e-02 -3.6421e-02	
  1.1523e-03  5.4661e-04  7.5309e-04  1.1094e-03  5.0334e-04  8.6106e-04	
  1.1827e+00  1.1827e+00  1.1826e+00  1.1825e+00  1.1825e+00  1.1824e+00	
 -4.6699e-03  2.7116e-01 -9.4706e-03  1.1891e-03  2.5289e-01  1.3111e+00	
 -3.4458e-03 -3.4502e-03 -3.4331e-03 -3.9540e-03 -3.9761e-03 -3.9585e-03	
 -7.1606e-01  4.6244e+00  4.0268e+00 -6.7206e-01  3.0177e+00  1.0676e+01	
 -1.4985e+00 -1.4985e+00 -1.4985e+00 -1.4987e+00 -1.4987e+00 -1.4986e+00],2	
